390.2592231
24.7227872
18.96987815
14.16636951
10.40848656
10.01718556
9.030148067
8.271051774
7.536195335
6.921544264
6.835151726
7.95691958
11.08529468
16.69236663
24.27830477
32.61671518
41.1660003
50.4411466
60.33406244
70.51533903
81.34956006
91.77075699
99.73037522
104.1390002
105.9899805
106.9060643
108.3597657
110.6755808
114.4779148
119.4914686
124.9173773
130.1762881
133.0272411
141.04211
146.7240159
153.1324117
160.3648881
168.07887
176.2491767
185.1273351
195.5931308
207.6281235
220.287079
233.1441734
246.6883045
261.6700716
279.3057356
300.3110643
325.381686
354.2547114
385.3104776
418.7821411
456.5179348
498.908991
545.1500416
592.7360617
642.0984864
696.2577347
756.6020824
822.389219
892.9487318
965.3680027
1037.957147
1110.114995
1184.364408
1264.745928
1367.7557
1470.97325
1576.516032
1686.812565
1805.97771
1941.800676
2101.281099
2292.355895
2520.815842
2784.287371
3083.206527
3426.079452
3819.618374
4264.944419
4758.868739
5307.372659
5926.547945
6634.557247
7522.130758
8417.340368
9402.152896
10481.45294
11659.42326
12939.29219
14323.07214
15811.28836
17402.72492
19094.20043
20880.39964
22753.76916
24704.53084
26720.76821
28788.66792
30892.83109
100000