577.7
38.2
24.8
19.3
14.9
14.1
12.6
11.4
10.4
9.5
9.3
10.3
13.3
18.6
25.8
33.8
42.1
51.0
60.3
69.8
79.5
88.9
97.0
103.2
108.0
112.3
116.5
120.7
125.2
130.0
135.1
140.2
145.4
150.6
155.6
161.5
167.9
174.0
179.8
186.0
193.6
203.6
216.0
230.6
247.0
264.7
284.6
307.9
335.7
368.2
403.0
440.1
482.0
528.5
577.8
628.4
679.4
731.9
786.9
845.6
909.3
976.8
1046.7
1118.1
1192.2
1271.0
1362.1
1462.0
1577.0
1710.0
1842.8
2031.7
2210.2
2419.4
2634.2
2904.2
3200.1
3544.3
3925.7
4339.3
4816.3
5321.6
5924.0
6656.4
7404.5
8195.4
9087.9
10193.8
11407.5
12733.1
14173.3
15728.9
17398.6
19178.8
21063.3
23043.2
25106.6
27239.5
29425.3
31645.6
100000.0
